1
4
7
2
6
3
5
8
12
13
14
10
11
9
15
16
17
18
19
20
21
22
23
24
26
25
28
27
29
30
31
32
33
34
35
36
40
37
38
39
41
42
43
44
45
46
47
48
49
53
54
50
52
51
55
56
57
58
59
60
63
61
62
64
65
67
68
66
69
70
72
71
76
74
73
75
78
79
77
80
82
81
86
83
84
85
88
89
87
90
91
92
96
93
94
95
97
98
100
102
101
99
103
105
104
107
106
108
110
111
109
112
114
113
117
115
116
121
119
120
118
123
122
124
127
126
128
125
129
131
130
135
132
133
134
136
138
137
139
141
142
140
145
144
143
146
148
149
147
150
151
152
155
156
153
154
158
159
157
160
161
162
163
164
165
166
169
167
168
170
172
171
173
174
176
177
175
178
179
180
182
181
183
184
186
185
187
188
192
193
190
191
189
194
195
198
197
200
199
196
202
201
203
204
206
205
207
208
210
209
213
211
212
214
215
217
216
220
218
219
223
221
224
222
225
227
226
228
229
231
230
232
234
233
235
238
237
236
239
241
240
244
245
243
242
247
248
246
249
250
255
252
253
251
254
256
258
257
259
260
261
262
263
264
265
266
268
267
269
271
270
272
275
274
273
276
279
278
277
280
282
281
285
284
286
283
289
288
287
290
293
291
292
295
294
297
296
298
299
301
302
304
300
303
305
307
310
311
308
306
309
312
313
314
319
315
316
318
317
320
321
322
325
327
328
323
326
324
329
330
333
331
334
332
336
335
338
339
337
340
341
342
343
345
347
344
346
348
349
350
354
353
352
351
355
356
357
360
359
358
361
362
363
365
366
364
368
367
369
373
372
371
370
374
375
376
377
379
378
382
380
381
384
383
385
387
389
388
386
390
391
394
392
393
395
396
397
398
399
400
401
404
403
405
402
406
407
409
408
410
411
412
413
414
416
415
417
418
420
419
421
422
425
423
424
427
428
426
429
431
430
432
433
434
436
437
435
438
440
441
439
442
444
443
447
445
446
448
451
449
450
453
452
454
458
457
456
455
460
459
462
463
461
467
465
466
464
468
469
470
471
472
473
474
475
476
477
478
481
480
479
484
482
483
487
486
488
485
489
491
490
493
495
494
492
496
499
498
500
501
497
502
503
504
508
506
505
507
509
510
511
513
514
512
516
515
517
518
519
521
522
520
524
523
526
525
527
530
529
532
533
528
531
534
535
538
542
539
537
540
536
541
544
543
546
545
547
548
549
550
552
555
554
553
551
557
556
558
559
561
560
563
562
571
565
564
567
568
569
570
566
573
572
575
576
574
577
578
579
580
582
583
581
586
588
585
584
589
587
590
591
592
593
594
596
595
600
598
599
597
602
603
601
608
604
605
606
607
609
610
611
616
613
612
615
614
617
619
618
620
621
627
623
622
626
624
625
629
628
630
631
634
632
636
635
633
637
640
638
641
642
643
644
645
648
639
650
647
649
646
652
653
651
654
655
656
658
657
665
661
660
664
663
659
662
666
668
667
669
670
677
671
676
678
674
673
675
672
679
681
680
685
684
682
683
686
687
689
688
692
693
690
691
695
694
696
701
698
699
700
703
702
697
704
705
706
709
711
708
707
710
715
714
712
713
717
718
716
722
723
721
720
724
719
728
725
726
727
730
729
731
732
733
736
735
734
737
738
739
741
742
740
746
743
744
745
747
749
748
750
751
753
757
754
752
755
756
758
759
760
761
762
763
764
768
766
767
765
769
770
771
772
774
773
776
775
777
778
779
780
781
782
784
783
785
786
787
788
789
790
791
793
792
794
795
796
797
798
799
800
802
801
803
804
805
806
807
808
809
811
810
812
813
814
815
816
817
818
820
819
821
822
823
824
825
826
827
829
828
830
831
832
833
834
835
836
838
837
839
840
841
842
843
844
845
846
847
848
849
850
851
852
853
854
856
855
857
858
859
860
862
861
863
864
865
866
867
868
869
871
870
872
874
873
875
876
877
878
879
880
881
882
883
884
885
886
887
889
888
890
891
892
893
895
894
896
898
897
899
900
901
902
903
904
905
906
907
908
909
910
911
913
912
914
915
916
917
918
919
920
921
922
923
924
925
926
927
928
929
930
931
932
934
933
935
936
937
938
939
940
941
942
943
944
945
946
947
948
949
950
951
952
953
955
954
956
957
958
959
961
960
962
964
963
965
966
967
968
970
969
971
972
973
974
976
975
977
978
979
980
981
982
983
985
984
986
988
987
989
990
991
992
993
994
995
996
997
998
999
1000
