1
2
10
3
7
6
9
5
8
4
11
12
15
14
20
16
17
18
13
19
21
22
27
24
23
26
25
30
28
31
29
33
36
35
34
32
39
37
40
41
38
44
45
43
42
46
47
50
48
49
51
52
54
53
55
56
58
57
60
59
65
61
63
64
62
66
67
70
68
69
73
72
74
75
71
77
78
80
79
76
83
81
82
84
88
87
85
86
93
92
89
90
94
91
95
97
96
98
100
103
102
99
101
105
108
104
107
106
109
110
111
114
115
113
112
118
119
116
121
117
120
123
125
122
124
126
131
127
130
134
128
135
132
133
129
136
137
139
138
141
145
143
142
144
140
149
148
147
150
151
156
154
146
153
152
155
157
158
159
161
160
162
164
163
166
165
167
168
171
169
170
173
175
174
172
176
177
179
185
178
182
180
184
183
186
187
188
189
193
191
190
192
194
196
195
198
197
201
199
181
200
202
203
205
204
209
208
207
212
210
206
211
214
215
213
216
219
217
218
220
223
224
221
225
222
229
227
226
228
232
231
230
238
235
237
233
239
236
234
242
241
240
245
243
244
247
246
250
249
248
252
255
256
257
251
253
254
258
260
262
264
263
261
265
259
269
267
272
271
270
268
273
266
275
274
278
276
282
280
281
277
279
285
284
283
288
289
287
286
290
296
295
294
293
291
292
297
298
299
300
301
303
304
302
306
305
307
312
309
313
308
311
310
314
316
315
319
317
318
322
321
323
325
326
320
324
328
327
332
331
330
329
333
335
334
336
337
338
339
340
341
342
346
344
345
347
348
343
350
349
351
353
352
355
357
356
354
358
361
367
366
359
363
364
365
362
360
368
369
370
372
371
376
373
375
374
381
382
377
380
379
378
383
387
388
384
389
385
390
386
391
392
393
394
398
395
396
399
397
400
402
401
403
407
405
404
406
408
409
412
411
410
413
415
416
414
417
418
422
423
420
427
426
424
421
419
425
428
431
430
429
435
433
434
436
432
437
440
441
439
438
443
442
444
445
448
446
447
450
454
452
451
449
453
456
455
460
457
458
459
461
466
465
462
464
463
468
469
467
470
474
471
475
473
472
476
479
477
478
480
481
483
486
485
484
482
489
488
487
490
492
491
493
499
497
496
498
495
494
500
502
501
505
504
506
507
503
508
509
510
511
512
515
513
514
516
517
519
521
518
522
520
524
526
525
523
527
530
529
528
534
533
537
535
531
536
532
538
540
539
543
541
542
548
550
545
546
544
547
549
551
552
553
554
558
556
555
557
560
559
561
564
566
565
563
562
568
567
569
571
570
572
574
573
576
578
577
575
579
580
581
582
584
586
585
587
588
583
589
590
591
597
598
594
595
596
593
592
601
600
599
604
602
603
605
609
610
607
608
606
613
612
611
614
615
617
616
618
619
620
621
622
623
624
629
626
630
628
627
625
632
633
631
636
634
635
640
638
637
641
639
642
644
645
643
646
647
650
649
651
648
652
656
653
655
654
657
658
659
660
661
663
664
665
662
666
670
667
668
669
671
673
679
680
675
676
678
677
672
674
681
683
686
682
684
685
687
693
691
696
695
688
690
689
694
692
697
698
700
699
701
702
703
707
710
706
704
708
711
705
709
713
712
714
715
717
716
718
719
720
723
722
721
726
725
728
727
729
724
732
733
730
731
735
734
736
737
738
739
740
741
746
745
744
743
742
747
749
750
748
751
752
753
754
755
759
758
760
756
757
761
762
765
763
764
766
767
769
770
768
771
773
774
772
777
775
779
776
778
782
781
780
783
785
789
784
787
788
786
790
792
791
794
793
795
796
797
803
798
800
804
799
802
801
805
806
807
809
810
808
811
816
813
815
812
814
817
818
819
821
820
822
825
823
824
826
828
827
829
831
832
830
833
834
835
840
842
838
836
839
841
843
837
844
845
848
847
846
849
850
852
851
854
853
856
855
857
858
861
859
860
863
864
862
867
866
865
868
870
871
869
875
872
873
877
876
874
880
881
879
878
885
886
882
887
883
884
888
890
889
891
895
897
893
896
894
892
898
900
901
899
902
906
904
907
905
903
908
909
910
911
912
915
917
913
914
916
919
921
918
920
925
926
924
927
922
923
931
930
929
928
935
934
936
933
932
939
941
940
938
937
942
945
943
944
946
949
948
947
950
952
955
951
953
954
959
956
958
957
960
964
963
965
962
961
966
968
967
973
972
974
971
970
975
969
977
976
980
981
979
978
982
983
984
985
988
986
987
989
990
991
994
992
993
995
996
997
998
999
1000
